train
(vehicle) linke3090@linke3090-desktop:~/wwgwm/lyz$ python VectorNet/train.py 
{   'batch_size': 1,
    'data_locate': '/home/linke3090/wwgwm/lyz/argoverse-api/val',
    'device': device(type='cuda'),
    'epochs': 12,
    'last_observe': 30,
    'learning_rate': 0.001,
    'learning_rate_decay': 0.3,
    'log_file': './log.txt',
    'print_every': 100,
    'save_every': 2,
    'save_path': './model_ckpt/',
    'tensorboard_path': 'runs/train_visualization'}
RUN_PARALLEL = True

PIT map range :
[4890.21696825 2722.98842652]
[ 650.30176714 -203.72591182]
MIA map range :
[ 971.37104584 4210.89633146]
[-494.68405609  552.63750775]
Generating Vector Map: : 17526it [00:05, 3262.06it/s]                                                             
Generate Vector Map Successfully!



test
{   'batch_size': 1,
    'data_locate': '/home/linke3090/wwgwm/lyz/argoverse-api/val',
    'device': device(type='cuda'),
    'last_observe': 30,
    'model_path': './model_ckpt/model_final.pth',
    'predict_step': 19,
    'save_path': './model_ckpt/inference/'}

PIT map range :
[4890.21696825 2722.98842652]
[ 650.30176714 -203.72591182]
MIA map range :
[ 971.37104584 4210.89633146]
[-494.68405609  552.63750775]


{'0': tensor([[-1.7272e-03,  3.4103e-02],
        [ 1.4617e-05,  9.7365e-02],
        [ 5.7670e-03,  1.9019e-01],
        [ 9.3466e-03,  3.1541e-01],
        [ 1.5413e-02,  4.7124e-01],
        [ 2.4991e-02,  6.5616e-01],
        [ 4.0013e-02,  8.6938e-01],
        [ 5.5573e-02,  1.1152e+00],
        [ 7.5845e-02,  1.3919e+00],
        [ 9.8637e-02,  1.6983e+00],
        [ 1.2377e-01,  2.0321e+00],
        [ 1.5109e-01,  2.3968e+00],
        [ 1.8096e-01,  2.7937e+00],
        [ 2.1077e-01,  3.2201e+00],
        [ 2.4366e-01,  3.6780e+00],
        [ 2.8183e-01,  4.1617e+00],
        [ 3.2508e-01,  4.6760e+00],
        [ 3.6601e-01,  5.2200e+00],
        [ 4.1081e-01,  5.7935e+00]], device='cuda:0'), 
'-1': tensor([[-1.4350e-04,  5.2084e-02],
        [-2.2033e-03,  1.5350e-01],
        [-3.1986e-03,  3.0316e-01],
        [-7.8925e-03,  5.0179e-01],
        [-1.4042e-02,  7.5141e-01],
        [-1.8941e-02,  1.0472e+00],
        [-2.5063e-02,  1.3906e+00],
        [-3.2268e-02,  1.7856e+00],
        [-3.7095e-02,  2.2309e+00],
        [-4.4759e-02,  2.7236e+00],
        [-5.3651e-02,  3.2632e+00],
        [-6.2638e-02,  3.8543e+00],
        [-6.9017e-02,  4.4961e+00],
        [-8.1239e-02,  5.1872e+00],
        [-9.1064e-02,  5.9305e+00],
        [-1.0068e-01,  6.7172e+00],
        [-1.1169e-01,  7.5519e+00],
        [-1.2525e-01,  8.4328e+00],
        [-1.3763e-01,  9.3629e+00]], device='cuda:0'), 
'1': tensor([[-2.2934e-04, -2.5265e-02],
        [ 1.9384e-02, -1.0016e-01],
        [ 7.7530e-02, -2.1373e-01],
        [ 1.7198e-01, -3.7743e-01],
        [ 2.9022e-01, -5.9393e-01],
        [ 4.2294e-01, -8.3770e-01],
        [ 6.0741e-01, -1.1535e+00],
        [ 7.8457e-01, -1.4766e+00],
        [ 1.0172e+00, -1.8578e+00],
        [ 1.2764e+00, -2.2973e+00],
        [ 1.5351e+00, -2.7700e+00],
        [ 1.8717e+00, -3.2870e+00],
        [ 2.2198e+00, -3.8784e+00],
        [ 2.5754e+00, -4.4990e+00],
        [ 2.9825e+00, -5.1889e+00],
        [ 3.4071e+00, -5.9007e+00],
        [ 3.8603e+00, -6.6558e+00],
        [ 4.3470e+00, -7.4569e+00],
        [ 4.8405e+00, -8.3093e+00]], device='cuda:0'),
 '-2': tensor([[1.4580e-03, 6.3323e-02],
        [4.9858e-03, 1.8781e-01],
        [1.4546e-02, 3.7168e-01],
        [2.5017e-02, 6.1598e-01],
        [3.7648e-02, 9.2427e-01],
        [5.7259e-02, 1.2892e+00],
        [7.7111e-02, 1.7134e+00],
        [9.9878e-02, 2.2005e+00],
        [1.3300e-01, 2.7532e+00],
        [1.6309e-01, 3.3627e+00],
        [1.9643e-01, 4.0299e+00],
        [2.3462e-01, 4.7643e+00],
        [2.8179e-01, 5.5579e+00],
        [3.2371e-01, 6.4160e+00],
        [3.7447e-01, 7.3413e+00],
        [4.3131e-01, 8.3199e+00],
        [4.8706e-01, 9.3563e+00],
        [5.4952e-01, 1.0449e+01],
        [6.1578e-01, 1.1605e+01]], device='cuda:0')}
{'0': tensor([[ 9.7384e-06,  2.9662e-02],
        [ 4.7355e-04,  6.0598e-02],
        [ 1.2138e-03,  9.0803e-02],
        [ 1.0577e-02,  1.2455e-01],
        [ 1.2416e-02,  1.5229e-01],
        [ 1.3361e-02,  1.8600e-01],
        [ 1.1312e-02,  2.0444e-01],
        [ 1.1010e-02,  2.2706e-01],
        [ 1.1010e-02,  2.2706e-01],
        [ 4.6634e-03,  2.5232e-01],
        [-6.2698e-03,  2.8099e-01],
        [ 1.5108e-02,  3.3132e-01],
        [ 6.4097e-02,  3.8557e-01],
        [ 5.9717e-02,  4.0398e-01],
        [ 4.0142e-02,  4.0307e-01],
        [ 3.2098e-02,  4.4267e-01],
        [ 2.3244e-02,  4.6979e-01],
        [ 2.2898e-02,  4.9998e-01],
        [ 3.7176e-02,  5.3223e-01]], device='cuda:0'), 
'-1': tensor([[-1.6923e-07,  4.9105e-02],
        [-2.1543e-03,  1.0524e-01],
        [-2.9798e-03,  1.5099e-01],
        [-4.0387e-03,  2.0343e-01],
        [-5.6376e-03,  2.5742e-01],
        [-8.1978e-03,  3.1051e-01],
        [-8.4668e-03,  3.6024e-01],
        [-9.9102e-03,  4.1160e-01],
        [-1.1384e-02,  4.6790e-01],
        [-1.4153e-02,  5.2082e-01],
        [-1.6424e-02,  5.7856e-01],
        [-1.7859e-02,  6.2954e-01],
        [-1.8348e-02,  6.8534e-01],
        [-2.0455e-02,  7.4013e-01],
        [-2.1663e-02,  7.9400e-01],
        [-2.5496e-02,  8.5860e-01],
        [-2.4733e-02,  9.0117e-01],
        [-2.7184e-02,  9.5828e-01],
        [-2.7872e-02,  1.0087e+00]], device='cuda:0'), 
'1': tensor([[-5.2661e-08,  1.4044e-03],
        [ 1.8558e-02, -4.7594e-02],
        [ 2.9567e-02, -7.5799e-02],
        [ 4.1394e-02, -1.1051e-01],
        [ 5.1957e-02, -1.3383e-01],
        [ 6.4247e-02, -1.7187e-01],
        [ 7.4915e-02, -2.0336e-01],
        [ 8.8552e-02, -2.3886e-01],
        [ 9.5753e-02, -2.5799e-01],
        [ 1.0840e-01, -2.9036e-01],
        [ 1.1927e-01, -3.2209e-01],
        [ 1.3122e-01, -3.5303e-01],
        [ 1.4227e-01, -3.8605e-01],
        [ 1.5433e-01, -4.1476e-01],
        [ 1.6409e-01, -4.4290e-01],
        [ 1.7651e-01, -4.7379e-01],
        [ 1.8182e-01, -4.9482e-01],
        [ 1.8730e-01, -5.1271e-01],
        [ 1.9902e-01, -5.4299e-01]], device='cuda:0'), 
'-2': tensor([[ 9.8888e-06,  5.0112e-02],
        [-1.0191e-03,  1.4276e-01],
        [ 4.7471e-03,  1.8848e-01],
        [ 4.8080e-03,  2.3485e-01],
        [ 5.1853e-03,  3.2931e-01],
        [ 8.1770e-03,  3.7520e-01],
        [ 8.7882e-03,  4.6794e-01],
        [ 7.1510e-03,  5.0953e-01],
        [ 7.5278e-03,  5.6296e-01],
        [ 4.0877e-03,  6.4947e-01],
        [ 5.2754e-04,  6.9658e-01],
        [ 4.9228e-03,  7.2901e-01],
        [-2.1911e-03,  8.2338e-01],
        [-5.9189e-03,  9.0985e-01],
        [-8.4296e-03,  9.9468e-01],
        [-1.8206e-02,  1.0966e+00],
        [-2.2360e-02,  1.1863e+00],
        [-1.0205e-02,  1.2151e+00],
        [-1.4339e-02,  1.2594e+00]], device='cuda:0')}
Calculate Average Displacement Loss on Test Set: : 16498it [10:14:32,  4.38s/it]tensor([[[ 1.7466e+00, -7.1884e-01,  1.7200e+00, -7.1518e-01],
         [ 1.7200e+00, -7.1518e-01,  1.5654e+00, -6.4125e-01],
         [ 1.5654e+00, -6.4125e-01,  1.5654e+00, -6.4125e-01],
         [ 1.5654e+00, -6.4125e-01,  1.5068e+00, -6.2418e-01],
         [ 1.5068e+00, -6.2418e-01,  1.4405e+00, -5.9212e-01],
         [ 1.4405e+00, -5.9212e-01,  1.3524e+00, -5.5164e-01],
         [ 1.3524e+00, -5.5164e-01,  1.2968e+00, -5.3367e-01],
         [ 1.2968e+00, -5.3367e-01,  1.2374e+00, -5.0745e-01],
         [ 1.2374e+00, -5.0745e-01,  1.1891e+00, -4.9137e-01],
         [ 1.1891e+00, -4.9137e-01,  1.1423e+00, -4.6910e-01],
         [ 1.1423e+00, -4.6910e-01,  1.0678e+00, -4.4163e-01],
         [ 1.0678e+00, -4.4163e-01,  1.0150e+00, -4.1958e-01],
         [ 1.0150e+00, -4.1958e-01,  9.9234e-01, -4.1116e-01],
         [ 9.9234e-01, -4.1116e-01,  9.7070e-01, -3.9701e-01],
         [ 9.7070e-01, -3.9701e-01,  9.2409e-01, -3.8333e-01],
         [ 9.2409e-01, -3.8333e-01,  6.7998e-01, -2.7851e-01],
         [ 6.7998e-01, -2.7851e-01,  6.4839e-01, -2.6788e-01],
         [ 6.4839e-01, -2.6788e-01,  6.1740e-01, -2.5225e-01],
         [ 6.1740e-01, -2.5225e-01,  6.0400e-01, -2.4302e-01],
         [ 6.0400e-01, -2.4302e-01,  5.7071e-01, -2.2917e-01],
         [ 5.7071e-01, -2.2917e-01,  5.2487e-01, -2.0643e-01],
         [ 5.2487e-01, -2.0643e-01,  4.7621e-01, -1.8760e-01],
         [ 4.7621e-01, -1.8760e-01,  4.2684e-01, -1.6861e-01],
         [ 4.2684e-01, -1.6861e-01,  4.0244e-01, -1.5895e-01],
         [ 4.0244e-01, -1.5895e-01,  3.6535e-01, -1.4699e-01],
         [ 3.6535e-01, -1.4699e-01,  3.4343e-01, -1.3977e-01],
         [ 3.4343e-01, -1.3977e-01,  8.3266e-02, -3.5171e-02],
         [ 8.3266e-02, -3.5171e-02,  3.7054e-02, -1.6888e-02],
         [ 3.7054e-02, -1.6888e-02,  1.9219e-02, -7.7094e-03],
         [ 1.9219e-02, -7.7094e-03,  0.0000e+00,  0.0000e+00],
         [ 0.0000e+00,  0.0000e+00, -6.5175e-07,  1.1428e-02],
         [-6.5175e-07,  1.1428e-02, -3.4712e-02,  3.0470e-02],
         [-3.4712e-02,  3.0470e-02, -5.5286e-02,  4.1452e-02],
         [-5.5286e-02,  4.1452e-02, -7.7630e-02,  5.5403e-02],
         [-7.7630e-02,  5.5403e-02, -1.3802e-01,  6.5998e-02],
         [-1.3802e-01,  6.5998e-02, -1.1799e-01,  8.6510e-02],
         [-1.1799e-01,  8.6510e-02, -4.4220e-01,  1.8222e-01],
         [-4.4220e-01,  1.8222e-01, -4.0738e-01,  1.7263e-01],
         [-4.0738e-01,  1.7263e-01, -4.1185e-01,  1.7630e-01],
         [-4.1185e-01,  1.7630e-01, -4.2750e-01,  1.9842e-01],
         [-4.2750e-01,  1.9842e-01, -4.9163e-01,  2.2847e-01],
         [-4.9163e-01,  2.2847e-01, -5.2740e-01,  2.3272e-01],
         [-5.2740e-01,  2.3272e-01, -5.7302e-01,  2.5481e-01],
         [-5.7302e-01,  2.5481e-01, -6.0390e-01,  2.6709e-01],
         [-6.0390e-01,  2.6709e-01, -6.4165e-01,  2.8434e-01],
         [-6.4165e-01,  2.8434e-01, -6.7500e-01,  2.9591e-01],
         [-6.7500e-01,  2.9591e-01, -7.1139e-01,  3.0944e-01],
         [-7.1139e-01,  3.0944e-01, -7.3037e-01,  3.2364e-01],
         [-7.3037e-01,  3.2364e-01, -7.5647e-01,  3.3824e-01]]],
       device='cuda:0')
19
49